mcstate = {{{0.9938198534197372, -1384.502955686034, {0.0009030644786394924, 
        0.0013857197842580395, 0.00010488274522375749}, 
       {{1, CoalescentTree[{0, 0, 0, 0, 0, 0, 0, 0, 0, 0, 
           0.007153556353746662, 0.014858929756006438, 0.020037169004498263, 
           0.037898200224946, 0.05762086143488318, 0.11614766807735108, 
           0.25583357051452665, 0.5787710342974467, 2.509016315532515}, 
          {{{9, 11}, {3, 11}}, {{10, 12}, {6, 12}}, {{11, 13}, {12, 13}}, 
           {{5, 14}, {7, 14}}, {{1, 15}, {4, 15}}, {{15, 16}, {8, 16}}, 
           {{13, 17}, {14, 17}}, {{2, 18}, {16, 18}}, {{18, 19}, {17, 19}}}], 
         6.106353620728435, -5.737656904767744}, 
        {853, CoalescentTree[{0, 0, 0, 0, 0, 0, 0, 0, 0, 0, 
           0.007153556353746662, 0.014858929756006438, 0.020037169004498263, 
           0.037898200224946, 0.05762086143488318, 0.11614766807735108, 
           0.25583357051452665, 0.5787710342974467, 2.509016315532515}, 
          {{{9, 11}, {3, 11}}, {{10, 12}, {6, 12}}, {{11, 13}, {12, 13}}, 
           {{5, 14}, {7, 14}}, {{1, 15}, {4, 15}}, {{15, 16}, {8, 16}}, 
           {{13, 17}, {14, 17}}, {{2, 18}, {16, 18}}, {{18, 19}, {17, 19}}}], 
         6.106353620728435, -1.225343297251058}, 
        {2180, CoalescentTree[{0, 0, 0, 0, 0, 0, 0, 0, 0, 0, 
           0.007153556353746662, 0.014858929756006438, 0.020037169004498263, 
           0.037898200224946, 0.05762086143488318, 0.11614766807735108, 
           0.25583357051452665, 0.5787710342974467, 2.509016315532515}, 
          {{{9, 11}, {3, 11}}, {{10, 12}, {6, 12}}, {{11, 13}, {12, 13}}, 
           {{5, 14}, {7, 14}}, {{1, 15}, {4, 15}}, {{15, 16}, {8, 16}}, 
           {{13, 17}, {14, 17}}, {{2, 18}, {16, 18}}, {{18, 19}, {17, 19}}}], 
         6.106353620728435, -1.225343297251058}, 
        {4388, CoalescentTree[{0, 0, 0, 0, 0, 0, 0, 0, 0, 0, 
           0.007153556353746662, 0.014858929756006438, 0.020037169004498263, 
           0.037898200224946, 0.05762086143488318, 0.11614766807735108, 
           0.5787710342974467, 0.893242280073438, 2.509016315532515}, 
          {{{9, 11}, {3, 11}}, {{10, 12}, {6, 12}}, {{11, 13}, {12, 13}}, 
           {{5, 14}, {7, 14}}, {{1, 15}, {4, 15}}, {{15, 16}, {8, 16}}, 
           {{2, 17}, {16, 17}}, {{17, 18}, {14, 18}}, {{18, 19}, {13, 19}}}], 
         6.743762330287346, -5.345183017045384}, 
        {5011, CoalescentTree[{0, 0, 0, 0, 0, 0, 0, 0, 0, 0, 
           0.007153556353746662, 0.014858929756006438, 0.020037169004498263, 
           0.037898200224946, 0.05762086143488318, 0.11614766807735108, 
           0.5787710342974467, 0.6137615757014558, 0.893242280073438}, 
          {{{9, 11}, {3, 11}}, {{10, 12}, {6, 12}}, {{11, 13}, {12, 13}}, 
           {{5, 14}, {7, 14}}, {{1, 15}, {4, 15}}, {{15, 16}, {8, 16}}, 
           {{2, 17}, {16, 17}}, {{14, 18}, {13, 18}}, {{17, 19}, {18, 19}}}], 
         3.2327335549972105, -3.3625550566611238}, 
        {5814, CoalescentTree[{0, 0, 0, 0, 0, 0, 0, 0, 0, 0, 
           0.007153556353746662, 0.014858929756006438, 0.020037169004498263, 
           0.037898200224946, 0.05762086143488318, 0.11614766807735108, 
           0.5787710342974467, 0.6137615757014558, 1.1869144587118239}, 
          {{{9, 11}, {3, 11}}, {{10, 12}, {6, 12}}, {{11, 13}, {12, 13}}, 
           {{5, 14}, {7, 14}}, {{1, 15}, {4, 15}}, {{15, 16}, {8, 16}}, 
           {{2, 17}, {16, 17}}, {{14, 18}, {13, 18}}, {{18, 19}, {17, 19}}}], 
         3.8200779122739825, -2.2717703260155337}, 
        {9785, CoalescentTree[{0, 0, 0, 0, 0, 0, 0, 0, 0, 0, 
           0.007153556353746662, 0.014858929756006438, 0.020037169004498263, 
           0.037898200224946, 0.05762086143488318, 0.11614766807735108, 
           0.6137615757014558, 0.7419593135032428, 1.1869144587118239}, 
          {{{9, 11}, {3, 11}}, {{10, 12}, {6, 12}}, {{11, 13}, {12, 13}}, 
           {{5, 14}, {7, 14}}, {{1, 15}, {4, 15}}, {{15, 16}, {8, 16}}, 
           {{14, 17}, {13, 17}}, {{17, 18}, {16, 18}}, {{18, 19}, {2, 19}}}], 
         3.9832661914797787, -3.258909935374547}, 
        {9856, CoalescentTree[{0, 0, 0, 0, 0, 0, 0, 0, 0, 0, 
           0.007153556353746662, 0.014858929756006438, 0.020037169004498263, 
           0.037898200224946, 0.05762086143488318, 0.11614766807735108, 
           0.6137615757014558, 0.7419593135032428, 1.1869144587118239}, 
          {{{9, 11}, {3, 11}}, {{10, 12}, {6, 12}}, {{11, 13}, {12, 13}}, 
           {{5, 14}, {7, 14}}, {{1, 15}, {4, 15}}, {{15, 16}, {8, 16}}, 
           {{14, 17}, {13, 17}}, {{17, 18}, {16, 18}}, {{18, 19}, {2, 19}}}], 
         3.9832661914797787, -1.8118986008682756}, 
        {9975, CoalescentTree[{0, 0, 0, 0, 0, 0, 0, 0, 0, 0, 
           0.007153556353746662, 0.014858929756006438, 0.020037169004498263, 
           0.037898200224946, 0.05762086143488318, 0.11614766807735108, 
           0.6137615757014558, 0.7419593135032428, 3.986434584154523}, 
          {{{9, 11}, {3, 11}}, {{10, 12}, {6, 12}}, {{11, 13}, {12, 13}}, 
           {{5, 14}, {7, 14}}, {{1, 15}, {4, 15}}, {{15, 16}, {8, 16}}, 
           {{14, 17}, {13, 17}}, {{17, 18}, {16, 18}}, {{2, 19}, {18, 19}}}], 
         9.582306442365176, -4.543076281850942}, 
        {10547, CoalescentTree[{0, 0, 0, 0, 0, 0, 0, 0, 0, 0, 
           0.007153556353746662, 0.014858929756006438, 0.020037169004498263, 
           0.037898200224946, 0.05762086143488318, 0.11614766807735108, 
           0.6137615757014558, 0.7419593135032428, 3.4473829149753006}, 
          {{{9, 11}, {3, 11}}, {{10, 12}, {6, 12}}, {{11, 13}, {12, 13}}, 
           {{5, 14}, {7, 14}}, {{1, 15}, {4, 15}}, {{15, 16}, {8, 16}}, 
           {{14, 17}, {13, 17}}, {{17, 18}, {16, 18}}, {{2, 19}, {18, 19}}}], 
         8.504203104006733, -2.26322373047831}, 
        {12351, CoalescentTree[{0, 0, 0, 0, 0, 0, 0, 0, 0, 0, 
           0.007153556353746662, 0.014858929756006438, 0.020037169004498263, 
           0.05762086143488318, 0.11614766807735108, 0.1919771190726684, 
           0.6137615757014558, 0.7419593135032428, 3.4473829149753006}, 
          {{{9, 11}, {3, 11}}, {{10, 12}, {6, 12}}, {{11, 13}, {12, 13}}, 
           {{1, 14}, {4, 14}}, {{14, 15}, {8, 15}}, {{5, 16}, {7, 16}}, 
           {{16, 17}, {13, 17}}, {{17, 18}, {15, 18}}, {{2, 19}, {18, 19}}}], 
         8.658282022854452, -5.572278013461911}, 
        {14845, CoalescentTree[{0, 0, 0, 0, 0, 0, 0, 0, 0, 0, 
           0.007153556353746662, 0.014858929756006438, 0.020037169004498263, 
           0.05762086143488318, 0.11614766807735108, 0.1919771190726684, 
           0.6137615757014558, 0.7419593135032428, 5.723803343273291}, 
          {{{9, 11}, {3, 11}}, {{10, 12}, {6, 12}}, {{11, 13}, {12, 13}}, 
           {{1, 14}, {4, 14}}, {{14, 15}, {8, 15}}, {{5, 16}, {7, 16}}, 
           {{16, 17}, {13, 17}}, {{17, 18}, {15, 18}}, {{18, 19}, {2, 19}}}], 
         13.211122879450434, -4.438247619759031}, 
        {16135, CoalescentTree[{0, 0, 0, 0, 0, 0, 0, 0, 0, 0, 
           0.007153556353746662, 0.014858929756006438, 0.020037169004498263, 
           0.05762086143488318, 0.11614766807735108, 0.1919771190726684, 
           0.6137615757014558, 0.7419593135032428, 5.723803343273291}, 
          {{{9, 11}, {3, 11}}, {{10, 12}, {6, 12}}, {{11, 13}, {12, 13}}, 
           {{1, 14}, {4, 14}}, {{14, 15}, {8, 15}}, {{5, 16}, {7, 16}}, 
           {{16, 17}, {13, 17}}, {{17, 18}, {15, 18}}, {{18, 19}, {2, 19}}}], 
         13.211122879450434, -0.9672953198081098}, 
        {17390, CoalescentTree[{0, 0, 0, 0, 0, 0, 0, 0, 0, 0, 
           0.007153556353746662, 0.014858929756006438, 0.020037169004498263, 
           0.05762086143488318, 0.11614766807735108, 0.1919771190726684, 
           0.23947514107843096, 0.6137615757014558, 5.723803343273291}, 
          {{{9, 11}, {3, 11}}, {{10, 12}, {6, 12}}, {{11, 13}, {12, 13}}, 
           {{1, 14}, {4, 14}}, {{14, 15}, {8, 15}}, {{5, 16}, {7, 16}}, 
           {{15, 17}, {2, 17}}, {{16, 18}, {13, 18}}, {{18, 19}, {17, 19}}}], 
         12.708638707025623, -4.930219789106783}, 
        {18281, CoalescentTree[{0, 0, 0, 0, 0, 0, 0, 0, 0, 0, 
           0.007153556353746662, 0.014858929756006438, 0.020037169004498263, 
           0.05762086143488318, 0.11614766807735108, 0.1919771190726684, 
           0.23947514107843096, 0.9527164559622696, 5.723803343273291}, 
          {{{9, 11}, {3, 11}}, {{10, 12}, {6, 12}}, {{11, 13}, {12, 13}}, 
           {{1, 14}, {4, 14}}, {{14, 15}, {8, 15}}, {{5, 16}, {7, 16}}, 
           {{15, 17}, {2, 17}}, {{16, 18}, {13, 18}}, {{18, 19}, {17, 19}}}], 
         13.047593587286435, -3.896937391060456}, 
        {19516, CoalescentTree[{0, 0, 0, 0, 0, 0, 0, 0, 0, 0, 
           0.007153556353746662, 0.014858929756006438, 0.020037169004498263, 
           0.05762086143488318, 0.11614766807735108, 0.1919771190726684, 
           0.23947514107843096, 0.9527164559622696, 2.456573711410979}, 
          {{{9, 11}, {3, 11}}, {{10, 12}, {6, 12}}, {{11, 13}, {12, 13}}, 
           {{1, 14}, {4, 14}}, {{14, 15}, {8, 15}}, {{5, 16}, {7, 16}}, 
           {{15, 17}, {2, 17}}, {{16, 18}, {13, 18}}, {{18, 19}, {17, 19}}}], 
         6.513134323561813, -2.6041007499235573}, 
        {19958, CoalescentTree[{0, 0, 0, 0, 0, 0, 0, 0, 0, 0, 
           0.007153556353746662, 0.014858929756006438, 0.020037169004498263, 
           0.05762086143488318, 0.11614766807735108, 0.1919771190726684, 
           0.23947514107843096, 0.9527164559622696, 2.456573711410979}, 
          {{{9, 11}, {3, 11}}, {{10, 12}, {6, 12}}, {{11, 13}, {12, 13}}, 
           {{1, 14}, {4, 14}}, {{14, 15}, {8, 15}}, {{5, 16}, {7, 16}}, 
           {{15, 17}, {2, 17}}, {{16, 18}, {13, 18}}, {{18, 19}, {17, 19}}}], 
         6.513134323561813, -1.3314292223287676}, 
        {21737, CoalescentTree[{0, 0, 0, 0, 0, 0, 0, 0, 0, 0, 
           0.007153556353746662, 0.014858929756006438, 0.020037169004498263, 
           0.05762086143488318, 0.11614766807735108, 0.1919771190726684, 
           0.23947514107843096, 0.9527164559622696, 6.164805106957122}, 
          {{{9, 11}, {3, 11}}, {{10, 12}, {6, 12}}, {{11, 13}, {12, 13}}, 
           {{1, 14}, {4, 14}}, {{14, 15}, {8, 15}}, {{5, 16}, {7, 16}}, 
           {{15, 17}, {2, 17}}, {{16, 18}, {13, 18}}, {{17, 19}, {18, 19}}}], 
         13.929597114654097, -5.617549231413437}, 
        {27528, CoalescentTree[{0, 0, 0, 0, 0, 0, 0, 0, 0, 0, 
           0.007153556353746662, 0.014858929756006438, 0.020037169004498263, 
           0.05762086143488318, 0.11614766807735108, 0.1919771190726684, 
           0.23947514107843096, 0.7664046669984357, 6.164805106957122}, 
          {{{9, 11}, {3, 11}}, {{10, 12}, {6, 12}}, {{11, 13}, {12, 13}}, 
           {{1, 14}, {4, 14}}, {{14, 15}, {8, 15}}, {{5, 16}, {7, 16}}, 
           {{15, 17}, {2, 17}}, {{17, 18}, {13, 18}}, {{18, 19}, {16, 19}}}], 
         13.743285325690264, -3.862169035210724}, 
        {28325, CoalescentTree[{0, 0, 0, 0, 0, 0, 0, 0, 0, 0, 
           0.007153556353746662, 0.014858929756006438, 0.020037169004498263, 
           0.05762086143488318, 0.11614766807735108, 0.1919771190726684, 
           0.23947514107843096, 0.7664046669984357, 6.164805106957122}, 
          {{{9, 11}, {3, 11}}, {{10, 12}, {6, 12}}, {{11, 13}, {12, 13}}, 
           {{1, 14}, {4, 14}}, {{14, 15}, {8, 15}}, {{5, 16}, {7, 16}}, 
           {{15, 17}, {2, 17}}, {{17, 18}, {13, 18}}, {{18, 19}, {16, 19}}}], 
         13.743285325690264, -0.9295740129807332}, 
        {30681, CoalescentTree[{0, 0, 0, 0, 0, 0, 0, 0, 0, 0, 
           0.007153556353746662, 0.014858929756006438, 0.020037169004498263, 
           0.05762086143488318, 0.11614766807735108, 0.1919771190726684, 
           0.23947514107843096, 0.7664046669984357, 6.164805106957122}, 
          {{{9, 11}, {3, 11}}, {{10, 12}, {6, 12}}, {{11, 13}, {12, 13}}, 
           {{1, 14}, {4, 14}}, {{14, 15}, {8, 15}}, {{5, 16}, {7, 16}}, 
           {{15, 17}, {2, 17}}, {{17, 18}, {13, 18}}, {{18, 19}, {16, 19}}}], 
         13.743285325690264, -0.9295740129807332}, 
        {31460, CoalescentTree[{0, 0, 0, 0, 0, 0, 0, 0, 0, 0, 
           0.007153556353746662, 0.014858929756006438, 0.020037169004498263, 
           0.05762086143488318, 0.11614766807735108, 0.1919771190726684, 
           0.23947514107843096, 0.7664046669984357, 4.703432239371066}, 
          {{{9, 11}, {3, 11}}, {{10, 12}, {6, 12}}, {{11, 13}, {12, 13}}, 
           {{1, 14}, {4, 14}}, {{14, 15}, {8, 15}}, {{5, 16}, {7, 16}}, 
           {{15, 17}, {2, 17}}, {{17, 18}, {13, 18}}, {{16, 19}, {18, 19}}}], 
         10.820539590518154, -2.6208267775088037}, 
        {31598, CoalescentTree[{0, 0, 0, 0, 0, 0, 0, 0, 0, 0, 
           0.007153556353746662, 0.014858929756006438, 0.020037169004498263, 
           0.05762086143488318, 0.11614766807735108, 0.1919771190726684, 
           0.23947514107843096, 0.3727220437254729, 0.7664046669984357}, 
          {{{9, 11}, {3, 11}}, {{10, 12}, {6, 12}}, {{11, 13}, {12, 13}}, 
           {{1, 14}, {4, 14}}, {{14, 15}, {8, 15}}, {{5, 16}, {7, 16}}, 
           {{15, 17}, {2, 17}}, {{13, 18}, {16, 18}}, {{17, 19}, {18, 19}}}], 
         2.552801822499929, -4.35587931769274}, 
        {39712, CoalescentTree[{0, 0, 0, 0, 0, 0, 0, 0, 0, 0, 
           0.007153556353746662, 0.014858929756006438, 0.020037169004498263, 
           0.05762086143488318, 0.11614766807735108, 0.1919771190726684, 
           0.23947514107843096, 0.3727220437254729, 0.7664046669984357}, 
          {{{9, 11}, {3, 11}}, {{10, 12}, {6, 12}}, {{11, 13}, {12, 13}}, 
           {{1, 14}, {4, 14}}, {{14, 15}, {8, 15}}, {{5, 16}, {7, 16}}, 
           {{15, 17}, {2, 17}}, {{13, 18}, {16, 18}}, {{17, 19}, {18, 19}}}], 
         2.552801822499929, -2.231665611397784}, 
        {40071, CoalescentTree[{0, 0, 0, 0, 0, 0, 0, 0, 0, 0, 
           0.007153556353746662, 0.014858929756006438, 0.020037169004498263, 
           0.05762086143488318, 0.11614766807735108, 0.1808266693955788, 
           0.1919771190726684, 0.23947514107843096, 0.7664046669984357}, 
          {{{9, 11}, {3, 11}}, {{10, 12}, {6, 12}}, {{11, 13}, {12, 13}}, 
           {{1, 14}, {4, 14}}, {{14, 15}, {8, 15}}, {{5, 16}, {13, 16}}, 
           {{16, 17}, {7, 17}}, {{15, 18}, {2, 18}}, {{18, 19}, {17, 19}}}], 
         2.3609064481700357, -3.16454690564682}, 
        {43564, CoalescentTree[{0, 0, 0, 0, 0, 0, 0, 0, 0, 0, 
           0.007153556353746662, 0.014858929756006438, 0.020037169004498263, 
           0.05762086143488318, 0.11614766807735108, 0.1808266693955788, 
           0.1919771190726684, 0.23947514107843096, 0.7664046669984357}, 
          {{{9, 11}, {3, 11}}, {{10, 12}, {6, 12}}, {{11, 13}, {12, 13}}, 
           {{1, 14}, {4, 14}}, {{14, 15}, {8, 15}}, {{5, 16}, {13, 16}}, 
           {{16, 17}, {7, 17}}, {{15, 18}, {2, 18}}, {{18, 19}, {17, 19}}}], 
         2.3609064481700357, -2.106230927103482}, 
        {43747, CoalescentTree[{0, 0, 0, 0, 0, 0, 0, 0, 0, 0, 
           0.007153556353746662, 0.020037169004498263, 0.05762086143488318, 
           0.11614766807735108, 0.1808266693955788, 0.1919771190726684, 
           0.23947514107843096, 0.4499920581372974, 0.7664046669984357}, 
          {{{9, 11}, {3, 11}}, {{11, 12}, {10, 12}}, {{1, 13}, {4, 13}}, 
           {{13, 14}, {8, 14}}, {{5, 15}, {12, 15}}, {{15, 16}, {7, 16}}, 
           {{14, 17}, {2, 17}}, {{17, 18}, {6, 18}}, {{18, 19}, {16, 19}}}], 
         2.796039576551326, -6.723159294943108}, 
        {46867, CoalescentTree[{0, 0, 0, 0, 0, 0, 0, 0, 0, 0, 
           0.007153556353746662, 0.020037169004498263, 0.05762086143488318, 
           0.11614766807735108, 0.1808266693955788, 0.1919771190726684, 
           0.23947514107843096, 0.4499920581372974, 1.8529100362218642}, 
          {{{9, 11}, {3, 11}}, {{11, 12}, {10, 12}}, {{1, 13}, {4, 13}}, 
           {{13, 14}, {8, 14}}, {{5, 15}, {12, 15}}, {{15, 16}, {7, 16}}, 
           {{14, 17}, {2, 17}}, {{17, 18}, {6, 18}}, {{18, 19}, {16, 19}}}], 
         4.969050314998184, -2.687376849347375}, 
        {47113, CoalescentTree[{0, 0, 0, 0, 0, 0, 0, 0, 0, 0, 
           0.007153556353746662, 0.020037169004498263, 0.05762086143488318, 
           0.11614766807735108, 0.1808266693955788, 0.1919771190726684, 
           0.23947514107843096, 0.4499920581372974, 1.8529100362218642}, 
          {{{9, 11}, {3, 11}}, {{11, 12}, {10, 12}}, {{1, 13}, {4, 13}}, 
           {{13, 14}, {8, 14}}, {{5, 15}, {12, 15}}, {{15, 16}, {7, 16}}, 
           {{14, 17}, {2, 17}}, {{17, 18}, {6, 18}}, {{18, 19}, {16, 19}}}], 
         4.969050314998184, -1.4323837370019066}}, 
       {{0.44, 0.308353078682503, 0.030835307868250256, 0.2589523645244173, 
         0.00016610468197037566, 0.00025004856887197074, 
         1.6603314909310387*^-8}, {0.234, 0.308353078682503, 
         0.030835307868250256, 0.23983797931467396, 0.28090904411291656, 
         {0.0014110642073891428, 0.0012520832594958284}, 
         {{2.470416503675456*^-6, -4.653155032086167*^-8}, 
         {-4.653155032086167*^-8, 2.2535401770622625*^-6}}}, 
        {0.44, 0.308353078682503, 0.030835307868250256, 0.43788021147798545, 
         0.28393006667464615}, {0.234, 0.308353078682503, 
         0.030835307868250256, 0.1777954017239249, 0.309914894183912, 
         {1.8114129372475953, 0.0013989025320865008, 0.0012682297417685108}, 
         {{0.10922406675743657, -0.0001718027915092041, 
         9.818573732783196*^-6}, {-0.0001718027915092041, 
         2.48033816464387*^-6, -3.3915735715699273*^-8}, 
         {9.818573732783196*^-6, -3.3915735715699273*^-8, 
         2.2504047208424694*^-6}}}, {0.44, 0.308353078682503, 
         0.030835307868250256, 0.4734557043753589, 0.026817714545690086}, 
        {0.234, 0.308353078682503, 0.030835307868250256, 0.29661094034798813, 
         0.21767355100652103, {0.015417153598800137, 0.0013962691617982745, 
         0.0012721934754383532}, {{0.00012856553072283558, 
         -1.919401620394065*^-7, 2.4887385074747303*^-7}, 
         {-1.919401620394065*^-7, 2.462107475975919*^-6, 
         -4.547456167386416*^-8}, {2.4887385074747303*^-7, 
         -4.547456167386416*^-8, 2.253021112510093*^-6}}}, 
        {0.234, 0.36700523652423067, 0.03670052365242302, 
         0.15511850560310936, 5.861704753873079}}, {0.9999990000010001, 
        0.00015013868044599248, 0., 0.009663394025072996, 
        0.21382077932768262, 0., 0., 0., 0., 0.028903072876413888}, 
       {{-1, 0}, {1, 0.28509444371050324}, {2, 0.02899016257154092}, 
        {3, 3.4872823246664826*^-25}, {8, 1.4583536047648046*^-8}}, 
       {{743, {1, 1, 0, 1, 0, 0, 0, 1, 0, 0}, {0.5, 0.5}, -6.98084033885014}, 
        {1302, {0, 0, 1, 0, 1, 1, 1, 0, 1, 1}, {0.5, 0.5}, 
         -6.98084033885014}, {1331, {1, 1, 0, 1, 1, 0, 1, 1, 0, 0}, 
         {0.5, 0.5}, -9.855586066784271}, {3665, {1, 1, 0, 1, 0, 0, 0, 1, 0, 
          0}, {0.5, 0.5}, -6.98084033885014}, {4182, {1, 1, 0, 1, 0, 0, 0, 1, 
          0, 0}, {0.5, 0.5}, -6.98084033885014}, 
        {4347, {1, 1, 0, 1, 0, 0, 0, 1, 0, 0}, {0.5, 0.5}, 
         -6.98084033885014}, {4444, {1, 1, 0, 1, 1, 0, 1, 1, 0, 0}, 
         {0.5, 0.5}, -7.000262404704771}, {4808, {1, 1, 0, 1, 0, 0, 0, 1, 0, 
          0}, {0.5, 0.5}, -9.562244506170277}, 
        {7249, {1, 1, 0, 1, 0, 0, 0, 1, 0, 0}, {0.5, 0.5}, 
         -8.24407891352072}, {8975, {1, 1, 0, 1, 0, 0, 0, 1, 0, 0}, 
         {0.5, 0.5}, -8.24407891352072}, {9286, {0, 0, 1, 0, 0, 1, 0, 0, 1, 
          1}, {0.5, 0.5}, -8.932286323189079}, 
        {10852, {0, 0, 0, 0, 1, 0, 1, 0, 0, 0}, {0.5, 0.5}, 
         -8.957846587106252}, {11558, {1, 1, 1, 1, 0, 1, 0, 1, 1, 1}, 
         {0.5, 0.5}, -8.957846587106252}, {13715, {1, 1, 1, 1, 0, 1, 0, 1, 1, 
          1}, {0.5, 0.5}, -9.265516963650267}, 
        {13947, {1, 1, 0, 1, 1, 0, 1, 1, 0, 0}, {0.5, 0.5}, 
         -8.934944511846636}, {15079, {0, 0, 1, 0, 0, 1, 0, 0, 1, 1}, 
         {0.5, 0.5}, -8.936993066361177}, {16963, {1, 1, 1, 1, 0, 1, 0, 1, 1, 
          1}, {0.5, 0.5}, -9.267565126222872}, 
        {17007, {0, 0, 1, 0, 0, 1, 0, 0, 1, 1}, {0.5, 0.5}, 
         -8.936993066361177}, {17575, {0, 0, 1, 0, 1, 1, 1, 0, 1, 1}, 
         {0.5, 0.5}, -6.054066995962841}, {17876, {0, 0, 1, 0, 1, 1, 1, 0, 1, 
          1}, {0.5, 0.5}, -6.054066995962841}, 
        {17947, {1, 1, 0, 1, 0, 0, 0, 1, 0, 0}, {0.5, 0.5}, 
         -6.054066995962841}, {18001, {1, 1, 0, 1, 0, 0, 0, 1, 0, 0}, 
         {0.5, 0.5}, -6.054066995962841}, {18031, {0, 0, 1, 0, 1, 1, 1, 0, 1, 
          1}, {0.5, 0.5}, -6.054066995962841}, 
        {18145, {0, 0, 1, 0, 1, 1, 1, 0, 1, 1}, {0.5, 0.5}, 
         -6.054066995962841}, {18256, {0, 0, 1, 0, 1, 1, 1, 0, 1, 1}, 
         {0.5, 0.5}, -6.054066995962841}, {18328, {1, 1, 0, 1, 0, 0, 0, 1, 0, 
          0}, {0.5, 0.5}, -6.08674986474113}, {18494, {0, 0, 1, 0, 1, 1, 1, 
          0, 1, 1}, {0.5, 0.5}, -6.08674986474113}, 
        {18509, {1, 1, 0, 1, 0, 0, 0, 1, 0, 0}, {0.5, 0.5}, 
         -6.08674986474113}, {18590, {0, 0, 1, 0, 1, 1, 1, 0, 1, 1}, 
         {0.5, 0.5}, -6.08674986474113}, {18702, {1, 1, 0, 1, 0, 0, 0, 1, 0, 
          0}, {0.5, 0.5}, -6.08674986474113}, {18910, {1, 1, 0, 1, 0, 0, 0, 
          1, 0, 0}, {0.5, 0.5}, -6.08674986474113}, 
        {18990, {0, 0, 1, 0, 1, 1, 1, 0, 1, 1}, {0.5, 0.5}, 
         -6.08674986474113}, {19109, {0, 0, 1, 0, 1, 1, 1, 0, 1, 1}, 
         {0.5, 0.5}, -6.08674986474113}, {19199, {1, 1, 1, 1, 0, 1, 0, 1, 1, 
          1}, {0.5, 0.5}, -8.677116535055367}, 
        {19262, {1, 1, 0, 1, 0, 0, 0, 1, 0, 0}, {0.5, 0.5}, 
         -6.08674986474113}, {19295, {0, 0, 1, 0, 1, 1, 1, 0, 1, 1}, 
         {0.5, 0.5}, -6.08674986474113}, {19300, {1, 1, 0, 1, 0, 0, 0, 1, 0, 
          0}, {0.5, 0.5}, -6.08674986474113}, {19313, {0, 0, 0, 0, 1, 0, 1, 
          0, 0, 0}, {0.5, 0.5}, -8.677116535055367}, 
        {19382, {1, 1, 0, 1, 0, 0, 0, 1, 0, 0}, {0.5, 0.5}, 
         -6.08674986474113}, {19459, {0, 0, 1, 0, 1, 1, 1, 0, 1, 1}, 
         {0.5, 0.5}, -6.08674986474113}, {19755, {0, 0, 1, 0, 1, 1, 1, 0, 1, 
          1}, {0.5, 0.5}, -7.098265794800489}, 
        {19868, {0, 0, 1, 0, 1, 1, 1, 0, 1, 1}, {0.5, 0.5}, 
         -7.098265794800489}, {20236, {0, 0, 1, 0, 0, 1, 0, 0, 1, 1}, 
         {0.5, 0.5}, -8.480921911928814}, {20530, {1, 1, 0, 1, 0, 0, 0, 1, 0, 
          0}, {0.5, 0.5}, -7.098265794800489}, 
        {20811, {1, 1, 0, 1, 1, 0, 1, 1, 0, 0}, {0.5, 0.5}, 
         -8.480921911928814}, {21093, {0, 0, 1, 0, 1, 1, 1, 0, 1, 1}, 
         {0.5, 0.5}, -7.098265794800489}, {21369, {1, 1, 0, 1, 0, 0, 0, 1, 0, 
          0}, {0.5, 0.5}, -7.098265794800489}, 
        {21681, {1, 1, 0, 1, 1, 0, 1, 1, 0, 0}, {0.5, 0.5}, 
         -8.480921911928814}, {22015, {0, 0, 1, 0, 1, 1, 1, 0, 1, 1}, 
         {0.5, 0.5}, -6.004548255602668}, {22042, {1, 1, 0, 1, 0, 0, 0, 1, 0, 
          0}, {0.5, 0.5}, -6.004548255602668}, 
        {22069, {1, 1, 0, 1, 0, 0, 0, 1, 0, 0}, {0.5, 0.5}, 
         -6.004548255602668}, {22075, {0, 0, 1, 0, 1, 1, 1, 0, 1, 1}, 
         {0.5, 0.5}, -6.004548255602668}, {22106, {0, 0, 0, 0, 1, 0, 0, 0, 0, 
          1}, {0.5, 0.5}, -13.80782584613809}, 
        {22298, {1, 1, 0, 1, 1, 0, 1, 1, 0, 0}, {0.5, 0.5}, 
         -8.481519429919256}, {22394, {0, 0, 1, 0, 1, 1, 1, 0, 1, 1}, 
         {0.5, 0.5}, -6.004548255602668}, {22424, {1, 1, 0, 1, 0, 0, 0, 1, 0, 
          0}, {0.5, 0.5}, -6.004548255602668}, 
        {22438, {0, 0, 1, 0, 1, 1, 1, 0, 1, 1}, {0.5, 0.5}, 
         -6.004548255602668}, {22580, {1, 1, 1, 1, 1, 1, 1, 0, 0, 1}, 
         {0.5, 0.5}, -13.834164382095569}, {22583, {1, 1, 1, 1, 0, 1, 0, 1, 
          1, 1}, {0.5, 0.5}, -8.67703029291103}, 
        {22826, {1, 1, 0, 1, 0, 0, 0, 1, 0, 0}, {0.5, 0.5}, 
         -6.004548255602668}, {22853, {0, 0, 1, 0, 1, 1, 1, 0, 1, 1}, 
         {0.5, 0.5}, -6.004548255602668}, {23162, {0, 0, 1, 0, 1, 1, 1, 0, 1, 
          1}, {0.5, 0.5}, -6.004548255602668}, 
        {23173, {1, 1, 0, 1, 0, 0, 0, 1, 0, 0}, {0.5, 0.5}, 
         -6.004548255602668}, {23435, {0, 0, 1, 0, 1, 1, 1, 0, 1, 1}, 
         {0.5, 0.5}, -6.004548255602668}, {24089, {1, 1, 0, 1, 0, 0, 0, 1, 0, 
          0}, {0.5, 0.5}, -6.004548255602668}, 
        {24401, {1, 1, 0, 1, 0, 0, 0, 1, 0, 0}, {0.5, 0.5}, 
         -6.004548255602668}, {24656, {1, 1, 0, 1, 0, 0, 0, 1, 0, 0}, 
         {0.5, 0.5}, -6.004548255602668}, {24997, {0, 0, 1, 0, 1, 1, 1, 0, 1, 
          1}, {0.5, 0.5}, -6.004548255602668}, 
        {25417, {1, 1, 0, 1, 0, 0, 0, 1, 0, 0}, {0.5, 0.5}, 
         -6.004548255602668}, {25539, {1, 1, 0, 1, 0, 0, 0, 1, 0, 0}, 
         {0.5, 0.5}, -6.004548255602668}, {25624, {1, 1, 0, 1, 0, 0, 0, 1, 0, 
          0}, {0.5, 0.5}, -6.004548255602668}, 
        {25713, {0, 0, 1, 0, 1, 1, 1, 0, 1, 1}, {0.5, 0.5}, 
         -6.004548255602668}, {25733, {0, 0, 1, 0, 0, 1, 0, 0, 1, 1}, 
         {0.5, 0.5}, -8.481519429919256}, {25776, {1, 1, 0, 1, 0, 0, 0, 1, 0, 
          0}, {0.5, 0.5}, -6.004548255602668}, 
        {26183, {0, 0, 1, 0, 1, 1, 1, 0, 1, 1}, {0.5, 0.5}, 
         -6.004548255602668}, {26335, {1, 1, 0, 1, 0, 0, 0, 1, 0, 0}, 
         {0.5, 0.5}, -6.004548255602668}, {26592, {0, 0, 1, 0, 1, 1, 1, 0, 1, 
          1}, {0.5, 0.5}, -6.004548255602668}, 
        {26595, {0, 0, 1, 0, 1, 1, 1, 0, 1, 1}, {0.5, 0.5}, 
         -6.004548255602668}, {26703, {1, 1, 0, 1, 0, 0, 0, 1, 0, 0}, 
         {0.5, 0.5}, -6.004548255602668}, {26778, {1, 1, 0, 1, 0, 0, 0, 1, 0, 
          0}, {0.5, 0.5}, -6.004548255602668}, 
        {27110, {0, 0, 1, 0, 1, 1, 1, 0, 1, 1}, {0.5, 0.5}, 
         -6.004548255602668}, {27154, {1, 1, 0, 1, 0, 0, 0, 1, 0, 0}, 
         {0.5, 0.5}, -6.004548255602668}, {27276, {1, 1, 0, 1, 0, 0, 0, 1, 0, 
          0}, {0.5, 0.5}, -6.004548255602668}, 
        {27277, {1, 1, 0, 1, 0, 0, 0, 1, 0, 0}, {0.5, 0.5}, 
         -6.004548255602668}, {27343, {1, 1, 1, 1, 0, 1, 0, 1, 1, 1}, 
         {0.5, 0.5}, -8.67703029291103}, {27478, {0, 0, 0, 0, 1, 0, 1, 0, 0, 
          0}, {0.5, 0.5}, -8.67703029291103}, {27557, {0, 0, 0, 0, 1, 0, 1, 
          0, 0, 0}, {0.5, 0.5}, -5.983270915034366}, 
        {27789, {1, 1, 1, 1, 0, 1, 0, 1, 1, 1}, {0.5, 0.5}, 
         -5.983270915034366}, {27832, {0, 0, 0, 0, 1, 0, 1, 0, 0, 0}, 
         {0.5, 0.5}, -5.983270915034366}, {28097, {1, 1, 1, 1, 0, 1, 0, 1, 1, 
          1}, {0.5, 0.5}, -5.983270915034366}, 
        {28350, {1, 1, 1, 1, 0, 1, 0, 1, 1, 1}, {0.5, 0.5}, 
         -5.983270915034366}, {28599, {0, 0, 0, 0, 1, 0, 1, 0, 0, 0}, 
         {0.5, 0.5}, -5.983270915034366}, {28735, {0, 0, 0, 0, 1, 0, 1, 0, 0, 
          0}, {0.5, 0.5}, -5.983270915034366}, 
        {28838, {1, 1, 1, 1, 0, 1, 0, 1, 1, 1}, {0.5, 0.5}, 
         -5.983270915034366}, {29067, {1, 1, 1, 1, 0, 1, 0, 1, 1, 1}, 
         {0.5, 0.5}, -5.983270915034366}, {29319, {1, 1, 1, 1, 0, 1, 0, 1, 1, 
          1}, {0.5, 0.5}, -5.983270915034366}, 
        {29352, {1, 1, 1, 1, 0, 1, 0, 1, 1, 1}, {0.5, 0.5}, 
         -5.983270915034366}, {29373, {0, 0, 0, 0, 1, 0, 1, 0, 0, 0}, 
         {0.5, 0.5}, -5.983270915034366}, {29480, {0, 0, 1, 0, 0, 1, 0, 0, 1, 
          1}, {0.5, 0.5}, -8.704819119749061}, 
        {29623, {0, 0, 0, 0, 1, 0, 1, 0, 0, 0}, {0.5, 0.5}, 
         -5.983270915034366}, {29642, {0, 0, 0, 0, 1, 0, 1, 0, 0, 0}, 
         {0.5, 0.5}, -5.983270915034366}, {29994, {0, 0, 0, 0, 1, 0, 1, 0, 0, 
          0}, {0.5, 0.5}, -5.983270915034366}, 
        {30094, {1, 1, 1, 1, 0, 1, 0, 1, 1, 1}, {0.5, 0.5}, 
         -5.983270915034366}, {30247, {0, 0, 0, 0, 1, 0, 1, 0, 0, 0}, 
         {0.5, 0.5}, -5.983270915034366}, {30249, {0, 0, 0, 0, 1, 0, 1, 0, 0, 
          0}, {0.5, 0.5}, -5.983270915034366}, 
        {30495, {1, 1, 1, 1, 0, 1, 0, 1, 1, 1}, {0.5, 0.5}, 
         -5.983270915034366}, {30784, {0, 0, 0, 0, 1, 0, 1, 0, 0, 0}, 
         {0.5, 0.5}, -5.983270915034366}, {31329, {0, 0, 0, 0, 1, 0, 1, 0, 0, 
          0}, {0.5, 0.5}, -5.983270915034366}, 
        {31363, {1, 1, 1, 1, 0, 1, 0, 1, 1, 1}, {0.5, 0.5}, 
         -5.983270915034366}, {31482, {0, 0, 0, 0, 1, 0, 1, 0, 0, 0}, 
         {0.5, 0.5}, -6.279227818812062}, {31843, {1, 0, 1, 1, 1, 1, 1, 0, 1, 
          1}, {0.5, 0.5}, -13.750837212774686}, 
        {32009, {1, 1, 0, 1, 1, 0, 1, 1, 0, 0}, {0.5, 0.5}, 
         -9.452911590599973}, {33480, {1, 1, 0, 1, 0, 0, 0, 1, 0, 0}, 
         {0.5, 0.5}, -8.493407648618026}, {33533, {1, 1, 0, 1, 0, 0, 0, 1, 0, 
          0}, {0.5, 0.5}, -8.493407648618026}, 
        {34483, {0, 0, 1, 0, 1, 1, 1, 0, 1, 1}, {0.5, 0.5}, 
         -8.493407648618026}, {34488, {0, 0, 0, 0, 1, 0, 1, 0, 0, 0}, 
         {0.5, 0.5}, -10.094583164959687}, {34620, {0, 1, 1, 0, 1, 1, 1, 1, 
          1, 1}, {0.5, 0.5}, -11.1735403898558}, 
        {39634, {1, 1, 0, 1, 0, 0, 0, 1, 0, 0}, {0.5, 0.5}, 
         -8.493407648618026}, {40641, {0, 0, 1, 0, 1, 1, 1, 0, 1, 1}, 
         {0.5, 0.5}, -8.3140927337962}, {42973, {0, 0, 1, 0, 1, 1, 1, 0, 1, 
          1}, {0.5, 0.5}, -8.3140927337962}, {44283, {0, 0, 0, 0, 0, 1, 1, 0, 
          0, 0}, {0.5, 0.5}, -13.671080756293168}, 
        {45828, {1, 1, 0, 1, 0, 1, 0, 1, 0, 0}, {0.5, 0.5}, 
         -8.52622569781905}, {46256, {0, 0, 1, 0, 1, 0, 1, 0, 1, 1}, 
         {0.5, 0.5}, -8.52622569781905}, {46658, {0, 0, 1, 0, 0, 0, 0, 0, 1, 
          1}, {0.5, 0.5}, -10.238499337541848}, 
        {47063, {0, 0, 1, 0, 1, 0, 1, 0, 1, 1}, {0.5, 0.5}, 
         -7.291984866779437}, {47443, {1, 1, 0, 1, 0, 1, 0, 1, 0, 0}, 
         {0.5, 0.5}, -7.291984866779437}, {47856, {0, 0, 1, 0, 1, 0, 0, 0, 1, 
          1}, {0.5, 0.5}, -12.553181411567046}, 
        {48272, {0, 0, 1, 0, 1, 0, 1, 0, 1, 1}, {0.5, 0.5}, 
         -7.291984866779437}, {49174, {1, 1, 0, 1, 0, 1, 0, 1, 0, 0}, 
         {0.5, 0.5}, -7.291984866779437}, {49985, {0, 0, 1, 0, 1, 0, 1, 0, 1, 
          1}, {0.5, 0.5}, -7.291984866779437}}}, {0.9942318631917548, 
       -1267.3090325351488, {0.0017988473873910876, 0.001109515840056361, 
        0.00008237441820764326}, {{1, CoalescentTree[{0, 0, 0, 0, 0, 0, 0, 0, 
           0, 0, 0.008030778268154333, 0.01754379405587966, 
           0.030831705168999232, 0.06178078796886558, 0.07424239968726473, 
           0.08975907132387871, 0.1394319321227189, 0.4780426623089946, 
           0.8224680947214871}, {{{1, 11}, {4, 11}}, {{2, 12}, {8, 12}}, 
           {{12, 13}, {11, 13}}, {{9, 14}, {6, 14}}, {{14, 15}, {10, 15}}, 
           {{5, 16}, {7, 16}}, {{3, 17}, {15, 17}}, {{16, 18}, {17, 18}}, 
           {{18, 19}, {13, 19}}}], 2.54459932034773, -3.7262315202960856}, 
        {11796, CoalescentTree[{0, 0, 0, 0, 0, 0, 0, 0, 0, 0, 
           0.008030778268154333, 0.01754379405587966, 0.030831705168999232, 
           0.06178078796886558, 0.07424239968726473, 0.08975907132387871, 
           0.1394319321227189, 0.4293141828366922, 0.8224680947214871}, 
          {{{1, 11}, {4, 11}}, {{2, 12}, {8, 12}}, {{12, 13}, {11, 13}}, 
           {{9, 14}, {6, 14}}, {{14, 15}, {10, 15}}, {{5, 16}, {7, 16}}, 
           {{3, 17}, {15, 17}}, {{17, 18}, {13, 18}}, {{16, 19}, {18, 19}}}], 
         2.4958708408754275, -2.5757614005496543}, 
        {16934, CoalescentTree[{0, 0, 0, 0, 0, 0, 0, 0, 0, 0, 
           0.008030778268154333, 0.01754379405587966, 0.030831705168999232, 
           0.06178078796886558, 0.07424239968726473, 0.08975907132387871, 
           0.1394319321227189, 0.8224680947214871, 3.0504653759419678}, 
          {{{1, 11}, {4, 11}}, {{2, 12}, {8, 12}}, {{12, 13}, {11, 13}}, 
           {{9, 14}, {6, 14}}, {{14, 15}, {10, 15}}, {{5, 16}, {7, 16}}, 
           {{3, 17}, {15, 17}}, {{16, 18}, {17, 18}}, {{18, 19}, {13, 19}}}], 
         7.345019315201184, -5.40005397258638}, 
        {17483, CoalescentTree[{0, 0, 0, 0, 0, 0, 0, 0, 0, 0, 
           0.008030778268154333, 0.01754379405587966, 0.030831705168999232, 
           0.06178078796886558, 0.07424239968726473, 0.08975907132387871, 
           0.1394319321227189, 0.8224680947214871, 3.0504653759419678}, 
          {{{1, 11}, {4, 11}}, {{2, 12}, {8, 12}}, {{12, 13}, {11, 13}}, 
           {{9, 14}, {6, 14}}, {{14, 15}, {10, 15}}, {{5, 16}, {7, 16}}, 
           {{3, 17}, {15, 17}}, {{16, 18}, {17, 18}}, {{18, 19}, {13, 19}}}], 
         7.345019315201184, -1.1430113596438316}, 
        {20406, CoalescentTree[{0, 0, 0, 0, 0, 0, 0, 0, 0, 0, 
           0.008030778268154333, 0.01754379405587966, 0.030831705168999232, 
           0.06178078796886558, 0.07424239968726473, 0.08975907132387871, 
           0.1394319321227189, 0.8224680947214871, 3.0504653759419678}, 
          {{{1, 11}, {4, 11}}, {{2, 12}, {8, 12}}, {{12, 13}, {11, 13}}, 
           {{9, 14}, {6, 14}}, {{14, 15}, {10, 15}}, {{5, 16}, {7, 16}}, 
           {{3, 17}, {15, 17}}, {{16, 18}, {17, 18}}, {{18, 19}, {13, 19}}}], 
         7.345019315201184, -1.1430113596438316}, 
        {26029, CoalescentTree[{0, 0, 0, 0, 0, 0, 0, 0, 0, 0, 
           0.008030778268154333, 0.01754379405587966, 0.030831705168999232, 
           0.06178078796886558, 0.07424239968726473, 0.08975907132387871, 
           0.1394319321227189, 1.4806908387861901, 3.0504653759419678}, 
          {{{1, 11}, {4, 11}}, {{2, 12}, {8, 12}}, {{12, 13}, {11, 13}}, 
           {{9, 14}, {6, 14}}, {{14, 15}, {10, 15}}, {{5, 16}, {7, 16}}, 
           {{3, 17}, {15, 17}}, {{17, 18}, {16, 18}}, {{18, 19}, {13, 19}}}], 
         8.003242059265887, -3.843928737538123}, 
        {26405, CoalescentTree[{0, 0, 0, 0, 0, 0, 0, 0, 0, 0, 
           0.008030778268154333, 0.01754379405587966, 0.030831705168999232, 
           0.06178078796886558, 0.07424239968726473, 0.08975907132387871, 
           0.1394319321227189, 1.4806908387861901, 3.0504653759419678}, 
          {{{1, 11}, {4, 11}}, {{2, 12}, {8, 12}}, {{12, 13}, {11, 13}}, 
           {{9, 14}, {6, 14}}, {{14, 15}, {10, 15}}, {{5, 16}, {7, 16}}, 
           {{3, 17}, {15, 17}}, {{17, 18}, {16, 18}}, {{18, 19}, {13, 19}}}], 
         8.003242059265887, -1.2322328001388192}, 
        {27534, CoalescentTree[{0, 0, 0, 0, 0, 0, 0, 0, 0, 0, 
           0.008030778268154333, 0.01754379405587966, 0.030831705168999232, 
           0.06178078796886558, 0.07424239968726473, 0.08975907132387871, 
           0.1394319321227189, 0.3947658638599968, 1.4806908387861901}, 
          {{{1, 11}, {4, 11}}, {{2, 12}, {8, 12}}, {{12, 13}, {11, 13}}, 
           {{9, 14}, {6, 14}}, {{14, 15}, {10, 15}}, {{5, 16}, {7, 16}}, 
           {{3, 17}, {15, 17}}, {{17, 18}, {13, 18}}, {{18, 19}, {16, 19}}}], 
         3.777768010028138, -3.6015052784282906}, 
        {32845, CoalescentTree[{0, 0, 0, 0, 0, 0, 0, 0, 0, 0, 
           0.008030778268154333, 0.01754379405587966, 0.030831705168999232, 
           0.06178078796886558, 0.07424239968726473, 0.08975907132387871, 
           0.1394319321227189, 0.3947658638599968, 1.4806908387861901}, 
          {{{1, 11}, {4, 11}}, {{2, 12}, {8, 12}}, {{12, 13}, {11, 13}}, 
           {{9, 14}, {6, 14}}, {{14, 15}, {10, 15}}, {{5, 16}, {7, 16}}, 
           {{3, 17}, {15, 17}}, {{17, 18}, {13, 18}}, {{18, 19}, {16, 19}}}], 
         3.777768010028138, -1.4798776685100636}, 
        {34266, CoalescentTree[{0, 0, 0, 0, 0, 0, 0, 0, 0, 0, 
           0.008030778268154333, 0.01754379405587966, 0.030831705168999232, 
           0.07424239968726473, 0.08975907132387871, 0.1394319321227189, 
           0.3947658638599968, 0.6353359465722421, 1.4806908387861901}, 
          {{{1, 11}, {4, 11}}, {{2, 12}, {8, 12}}, {{12, 13}, {11, 13}}, 
           {{10, 14}, {9, 14}}, {{5, 15}, {7, 15}}, {{3, 16}, {14, 16}}, 
           {{16, 17}, {13, 17}}, {{17, 18}, {6, 18}}, {{18, 19}, {15, 19}}}], 
         4.351323168631515, -5.9289442069369676}, 
        {34577, CoalescentTree[{0, 0, 0, 0, 0, 0, 0, 0, 0, 0, 
           0.008030778268154333, 0.01754379405587966, 0.030831705168999232, 
           0.07424239968726473, 0.08975907132387871, 0.1394319321227189, 
           0.3209339544615083, 0.3947658638599968, 0.6353359465722421}, 
          {{{1, 11}, {4, 11}}, {{2, 12}, {8, 12}}, {{12, 13}, {11, 13}}, 
           {{10, 14}, {9, 14}}, {{5, 15}, {7, 15}}, {{3, 16}, {14, 16}}, 
           {{13, 17}, {15, 17}}, {{16, 18}, {17, 18}}, {{18, 19}, {6, 19}}}], 
         2.346211392092885, -3.3654533319888333}, 
        {36532, CoalescentTree[{0, 0, 0, 0, 0, 0, 0, 0, 0, 0, 
           0.008030778268154333, 0.01754379405587966, 0.030831705168999232, 
           0.07424239968726473, 0.1394319321227189, 0.3209339544615083, 
           0.34174443930808746, 0.3947658638599968, 0.6353359465722421}, 
          {{{1, 11}, {4, 11}}, {{2, 12}, {8, 12}}, {{12, 13}, {11, 13}}, 
           {{10, 14}, {9, 14}}, {{3, 15}, {14, 15}}, {{13, 16}, {5, 16}}, 
           {{16, 17}, {7, 17}}, {{15, 18}, {17, 18}}, {{18, 19}, {6, 19}}}], 
         2.5981967600770943, -4.589786413851462}, 
        {41199, CoalescentTree[{0, 0, 0, 0, 0, 0, 0, 0, 0, 0, 
           0.008030778268154333, 0.01754379405587966, 0.030831705168999232, 
           0.07424239968726473, 0.1394319321227189, 0.197677339170334, 
           0.3209339544615083, 0.34174443930808746, 0.6353359465722421}, 
          {{{1, 11}, {4, 11}}, {{2, 12}, {8, 12}}, {{12, 13}, {11, 13}}, 
           {{10, 14}, {9, 14}}, {{3, 15}, {14, 15}}, {{13, 16}, {15, 16}}, 
           {{16, 17}, {5, 17}}, {{17, 18}, {7, 18}}, {{18, 19}, {6, 19}}}], 
         2.401108235387431, -3.93998981837942}, 
        {42521, CoalescentTree[{0, 0, 0, 0, 0, 0, 0, 0, 0, 0, 
           0.008030778268154333, 0.01754379405587966, 0.030831705168999232, 
           0.07424239968726473, 0.1394319321227189, 0.197677339170334, 
           0.3209339544615083, 0.34174443930808746, 0.6353359465722421}, 
          {{{1, 11}, {4, 11}}, {{2, 12}, {8, 12}}, {{12, 13}, {11, 13}}, 
           {{10, 14}, {9, 14}}, {{3, 15}, {14, 15}}, {{13, 16}, {15, 16}}, 
           {{16, 17}, {5, 17}}, {{17, 18}, {7, 18}}, {{18, 19}, {6, 19}}}], 
         2.401108235387431, -2.274722100491524}, 
        {43666, CoalescentTree[{0, 0, 0, 0, 0, 0, 0, 0, 0, 0, 
           0.008030778268154333, 0.01754379405587966, 0.030831705168999232, 
           0.07424239968726473, 0.1394319321227189, 0.197677339170334, 
           0.3209339544615083, 0.34174443930808746, 1.1828961266132103}, 
          {{{1, 11}, {4, 11}}, {{2, 12}, {8, 12}}, {{12, 13}, {11, 13}}, 
           {{10, 14}, {9, 14}}, {{3, 15}, {14, 15}}, {{13, 16}, {15, 16}}, 
           {{16, 17}, {5, 17}}, {{17, 18}, {7, 18}}, {{18, 19}, {6, 19}}}], 
         3.496228595469367, -2.0315818755792874}, 
        {44931, CoalescentTree[{0, 0, 0, 0, 0, 0, 0, 0, 0, 0, 
           0.008030778268154333, 0.01754379405587966, 0.030831705168999232, 
           0.07424239968726473, 0.1394319321227189, 0.197677339170334, 
           0.3209339544615083, 0.34174443930808746, 2.100712212568605}, 
          {{{1, 11}, {4, 11}}, {{2, 12}, {8, 12}}, {{12, 13}, {11, 13}}, 
           {{10, 14}, {9, 14}}, {{3, 15}, {14, 15}}, {{13, 16}, {15, 16}}, 
           {{16, 17}, {5, 17}}, {{17, 18}, {7, 18}}, {{18, 19}, {6, 19}}}], 
         5.331860767380156, -2.334849265273094}, 
        {45401, CoalescentTree[{0, 0, 0, 0, 0, 0, 0, 0, 0, 0, 
           0.008030778268154333, 0.01754379405587966, 0.030831705168999232, 
           0.07424239968726473, 0.1394319321227189, 0.3209339544615083, 
           0.34174443930808746, 0.4023833862382023, 2.100712212568605}, 
          {{{1, 11}, {4, 11}}, {{2, 12}, {8, 12}}, {{12, 13}, {11, 13}}, 
           {{10, 14}, {9, 14}}, {{3, 15}, {14, 15}}, {{15, 16}, {5, 16}}, 
           {{16, 17}, {7, 17}}, {{6, 18}, {13, 18}}, {{17, 19}, {18, 19}}}], 
         5.536566814448025, -4.559783668459588}}, 
       {{0.44, 0.308353078682503, 0.030835307868250256, 0.48731418407781213, 
         0.00006348341878594382, 0.00011526775910040448, 
         1.808586860570733*^-9}, {0.234, 0.308353078682503, 
         0.030835307868250256, 0.33060799407656677, 0.6563276347705217, 
         {0.001545570476214061, 0.00088458799786127}, 
         {{2.2170253620293527*^-6, -5.797767672282873*^-9}, 
         {-5.797767672282873*^-9, 2.2898117473813563*^-6}}}, 
        {0.44, 0.308353078682503, 0.030835307868250256, 0.4564375411710153, 
         0.14567880116541632}, {0.234, 0.308353078682503, 
